0
26
151
91
106
43
9
135
135
186
76
103
166
6
10
105
134
1
76
13
83
137
117
186
169
105
18
130
83
140
182
152
52
9
147
65
126
118
198
73
49
196
144
150
130
14
126
176
54
87
153
95
47
54
71
33
97
179
181
12
180
100
103
63
197
98
53
18
189
14
100
76
55
182
105
92
188
10
152
154
165
25
3
137
173
125
147
145
199
177
46
61
70
102
118
169
82
168
53
83
107
93
57
35
30
114
160
6
106
99
191
149
110
178
124
168
31
42
142
26
18
54
0
82
5
141
187
47
36
63
177
130
30
136
77
77
99
29
117
169
118
191
111
29
196
81
28
112
50
97
92
192
25
39
63
125
25
130
124
160
49
95
77
40
5
180
85
28
189
82
26
177
18
32
14
73
50
27
156
91
69
90
161
186
130
43
135
181
50
172
94
101
120
163
151
92
190
126
87
164
137
140
197
190
170
57
107
102
20
82
115
175
88
145
173
143
160
141
148
3
177
104
92
13
142
97
133
136
39
183
173
178
108
27
90
197
43
89
63
102
176
87
93
161
73
42
199
30
126
123
0
0
154
145
63
83
136
136
41
167
141
165
18
16
152
125
42
42
16
77
190
189
77
53
138
56
155
156
84
56
38
2
38
196
48
163
27
79
120
35
165
31
197
51
46
20
43
126
139
158
139
150
133
126
11
119
45
63
139
23
152
105
110
117
65
140
28
32
97
172
162
111
147
63
27
105
62
117
103
86
51
74
78
89
95
77
55
15
73
50
134
135
102
145
144
188
92
188
64
92
103
132
80
121
197
30
134
68
108
104
165
2
54
128
109
183
53
194
49
168
138
91
163
4
32
141
141
87
116
150
198
139
55
150
34
0
99
15
32
180
156
149
87
1
116
103
13
108
77
43
77
125
131
141
107
56
163
74
137
62
1
20
104
155
44
11
14
32
144
59
10
95
91
103
89
30
57
166
139
115
136
66
11
197
108
0
171
5
75
97
115
147
135
107
7
24
194
37
70
122
121
25
110
190
71
167
194
51
50
84
162
179
48
152
138
90
52
133
23
41
22
109
1
35
119
86
16
137
75
167
24
194
5
16
98
153
186
50
71
153
99
149
134
136
151
7
46
44
112
130
123
74
44
46
130
33
148
31
9
132
24
189
96
124
182
3
118
144
99
10
88
103
154
13
88
195
93
65
89
148
41
34
74
187
192
50
14
24
105
32
103
21
168
73
84
65
142
115
174
151
167
139
77
187
121
72
107
91
80
48
16
84
94
57
20
43
160
105
133
172
48
142
52
76
16
91
46
159
98
0
53
132
85
37
192
26
159
189
34
121
12
69
58
101
165
166
145
65
160
126
9
8
30
153
12
103
185
44
40
17
139
141
98
52
142
75
40
46
87
93
172
195
88
6
104
6
150
118
164
65
46
107
86
80
197
193
170
173
62
29
199
127
93
186
138
163
108
114
31
189
164
31
8
68
22
19
103
4
112
171
103
134
147
139
4
38
134
69
13
28
184
44
76
117
33
5
138
152
142
15
117
185
185
86
101
166
183
120
144
103
98
32
195
114
54
106
139
133
19
109
122
133
99
114
117
88
30
100
146
6
10
104
64
7
49
21
76
110
119
122
187
154
102
97
130
139
81
97
95
142
106
55
121
56
140
106
187
47
82
119
156
184
136
164
105
46
28
179
50
130
0
187
55
171
55
190
101
24
83
140
87
21
153
19
88
68
59
151
67
66
11
114
97
40
22
194
172
98
73
160
32
31
11
29
93
76
176
84
82
130
61
12
162
179
183
180
154
34
114
6
160
104
172
55
173
117
77
162
105
187
84
115
149
176
67
37
148
143
175
14
142
175
71
17
32
83
19
134
112
162
175
153
127
179
175
97
22
75
76
137
24
15
28
95
141
47
78
195
125
136
181
72
171
158
85
14
99
96
90
99
148
186
60
29
22
16
194
81
47
192
166
39
25
39
67
115
88
117
86
73
76
120
85
29
134
199
139
80
169
163
158
74
1
95
127
129
128
159
75
71
77
66
138
28
58
133
170
62
28
120
1
184
76
103
68
52
58
166
24
126
9
91
75
31
151
133
2
158
112
57
83
64
102
151
168
46
93
74
10
14
40
113
166
84
167
58
36
71
85
117
73
92
125
188
81
10
88
119
149
172
26
20
133
166
116
131
196
3
184
38
193
104
55
143
118
167
166
131
146
128
69
106
132
64
173
88
183
55
190
23
83
167
192
66
105
107
163
185
132
48
188
119
25
49
177
39
32
167
120
124
167
134
78
174
133
23
0
135
125
90
114
6
70
171
74
132
115
11
148
55
88
35
18
179
198
118
6
138
97
113
179
86
137
40
96
54
189
48
190
95
25
192
171
43
1
156
10
192
128
114
27
25
164
100
131
101
105
23
180
133
55
77
78
166
48
24
145
129
40
169
4
21
37
72
155
143
133
116
70
31
58
33
44
134
80
177
115
68
87
139
166
158
169
56
52
33
106
14
199
150
24
32
85
154
42
86
6
185
21
53
96
158
51
42
56
76
41
185
152
123
115
71
181
39
22
158
139
3
149
22
178
130
69
76
43
66
3
182
157
78
145
166
175
25
68
188
72
70
16
114
155
168
98
163
128
87
70
69
56
183
125
148
31
103
50
122
170
62
121
25
74
26
52
25
40
150
14
91
192
46
39
136
16
170
30
24
161
188
9
12
165
28
160
45
79
119
131
10
197
162
82
6
21
194
173
134
166
47
143
117
44
45
0
89
81
186
4
102
75
171
158
121
66
124
130
128
51
5
197
41
128
112
75
24
89
27
117
108
96
177
16
72
20
59
168
182
165
194
162
159
167
89
128
138
163
93
38
80
186
93
75
103
45
179
197
27
91
137
55
81
147
6
60
38
162
54
143
81
157
144
115
126
159
0
125
69
94
98
105
63
171
27
79
77
169
11
91
153
58
192
199
199
148
69
159
39
120
108
50
40
115
102
149
121
197
159
148
29
21
104
49
114
66
135
13
168
175
66
29
148
132
80
117
111
98
122
184
122
51
7
124
68
4
34
122
84
113
146
74
73
75
17
116
83
22
65
137
112
174
106
194
12
95
22
198
109
139
25
94
11
89
183
87
171
199
109
24
169
38
132
131
194
91
31
27
56
194
119
170
12
185
189
93
56
92
86
173
39
76
151
162
134
144
136
62
33
137
184
33
0
35
35
39
133
134
103
64
93
64
18
174
89
29
130
188
176
132
40
34
3
33
21
72
112
192
49
4
6
177
177
182
109
34
97
162
187
116
109
94
150
66
34
102
76
165
193
0
60
90
178
168
50
146
167
84
141
81
105
105
18
80
156
52
61
36
151
124
129
65
30
36
91
106
32
185
81
6
33
113
197
28
66
61
70
32
64
75
128
120
7
67
15
108
98
57
50
87
131
65
0
194
20
63
191
69
33
197
23
8
192
157
44
20
50
87
48
56
109
176
170
134
111
151
180
170
151
46
199
52
75
59
149
198
153
85
128
92
20
36
172
100
186
179
144
125
195
108
166
10
37
195
153
173
6
103
75
193
38
45
119
179
109
16
155
154
141
10
176
14
198
53
99
137
149
188
137
182
34
163
56
96
182
140
79
33
180
42
109
74
52
161
47
131
67
104
90
121
133
4
163
75
108
193
149
158
151
90
81
48
140
42
132
81
55
68
60
137
190
155
180
4
194
10
81
32
159
2
120
184
21
109
14
111
76
96
78
81
111
188
139
117
2
56
77
149
113
110
53
23
32
70
161
53
38
82
129
105
14
93
75
19
98
26
43
87
70
198
178
69
87
160
196
60
115
110
28
101
99
145
16
43
34
77
74
52
32
171
49
178
158
192
50
56
109
143
103
97
70
171
82
4
183
191
113
199
80
117
161
81
8
109
26
114
193
136
41
112
166
58
61
195
196
116
66
104
16
161
136
118
40
40
32
56
39
158
174
157
18
32
49
152
103
94
173
66
119
156
197
190
164
155
137
168
125
153
79
117
84
160
95
138
162
110
58
117
94
179
85
51
92
0
131
18
112
135
133
149
130
196
55
156
1
17
11
185
42
156
50
57
147
59
94
181
184
178
50
150
136
93
94
41
101
179
167
191
194
183
29
52
79
154
154
155
90
83
127
129
148
165
54
156
36
23
157
198
15
84
168
126
188
86
189
159
75
49
165
8
45
18
172
8
190
164
173
102
150
199
83
42
80
21
72
19
40
77
164
179
193
163
83
163
144
91
83
118
120
133
197
147
0
125
26
179
135
65
47
90
136
51
29
140
119
138
14
175
40
43
146
157
191
143
148
39
43
4
167
152
43
84
54
135
167
10
124
126
91
21
145
3
82
107
20
128
87
5
48
65
126
75
108
153
15
152
9
36
94
64
67
73
170
157
55
163
140
179
174
82
36
110
106
70
145
194
47
28
47
160
164
80
173
120
7
151
97
195
71
145
33
175
62
135
30
57
181
4
118
188
165
113
42
6
116
128
31
13
61
114
73
42
6
151
13
55
154
74
60
70
193
124
139
69
30
103
113
139
137
161
91
147
32
65
2
88
161
186
112
113
115
197
145
22
102
88
94
108
117
29
145
105
69
117
6
181
151
101
81
92
32
138
6
138
34
50
189
148
164
57
66
131
167
89
88
86
11
76
128
103
41
147
137
102
73
100
24
83
162
5
108
23
146
126
109
102
141
102
115
195
141
189
76
126
36
97
60
137
140
169
98
160
35
89
46
4
105
174
67
91
134
37
119
71
164
84
10
169
27
184
171
164
4
194
55
147
19
165
156
2
159
121
3
109
125
5
62
115
64
130
162
147
147
137
25
150
63
0
20
113
176
42
123
48
175
17
75
118
160
77
129
159
12
196
118
192
66
172
50
94
31
174
142
123
14
158
37
8
47
136
38
130
68
54
63
4
196
45
132
44
185
12
157
57
130
76
36
148
51
106
4
56
96
186
193
117
177
69
173
1
38
62
45
102
163
44
108
38
36
128
178
98
55
27
70
36
138
16
8
72
48
59
114
76
70
173
57
183
64
149
132
158
186
103
159
161
61
115
64
20
11
138
39
86
103
64
108
196
122
1
196
105
128
125
38
57
34
88
185
28
79
174
39
151
160
173
164
65
114
120
16
161
21
83
148
64
131
100
101
179
35
90
53
81
90
190
191
96
34
137
103
181
119
80
148
196
69
76
192
165
19
26
20
157
158
156
76
70
27
48
19
4
24
140
142
17
115
186
117
117
199
115
12
54
75
51
47
162
196
54
26
8
128
115
131
107
70
183
175
15
34
170
96
191
19
119
24
86
24
79
26
132
84
134
51
94
113
156
37
46
30
126
120
97
19
6
68
156
183
82
186
53
49
81
160
28
117
118
162
136
103
164
131
110
76
150
38
25
111
114
140
121
52
154
23
76
10
24
9
32
158
69
56
168
44
26
101
52
59
56
22
116
29
196
164
181
137
61
45
132
32
39
139
22
16
7
25
37
46
169
171
58
73
95
40
133
137
8
152
45
2
176
47
142
36
12
175
128
10
114
187
186
177
71
64
108
35
193
32
143
197
32
128
132
187
14
155
38
88
99
26
99
68
76
73
125
145
187
154
0
173
101
84
78
131
107
124
76
94
187
153
153
52
155
17
132
113
181
60
11
28
94
143
1
150
124
12
122
138
98
199
153
116
154
4
61
93
192
82
30
42
73
167
118
37
115
163
10
93
154
78
86
65
59
182
60
102
123
30
50
188
196
100
180
98
0
55
199
180
4
9
11
180
30
107
187
61
58
73
18
192
89
131
89
116
189
103
100
74
137
107
83
8
160
20
191
116
136
128
21
163
12
126
104
33
74
148
130
134
23
147
119
186
42
12
115
72
193
35
162
52
180
112
9
135
198
139
23
162
97
0
39
14
83
0
21
194
85
119
183
62
6
160
122
45
80
53
93
40
75
129
197
117
48
85
138
42
53
190
4
70
95
26
137
44
55
27
113
136
143
143
156
51
79
199
31
39
23
31
166
12
55
123
117
70
190
71
98
29
53
104
115
172
60
190
2
172
44
181
51
190
48
180
23
73
102
3
82
65
56
116
165
186
187
174
21
183
103
170
26
27
127
28
141
125
174
173
52
122
4
105
191
73
186
109
192
59
145
115
91
37
34
154
111
109
66
5
96
152
194
97
166
156
27
5
73
171
72
146
129
66
69
47
27
162
69
20
181
38
104
46
103
40
36
13
100
196
100
105
70
72
65
55
122
90
198
99
174
186
164
89
7
54
141
30
191
173
122
187
163
183
189
7
76
34
54
56
57
108
46
0
27
6
21
122
39
30
31
122
109
76
118
90
137
145
61
28
179
21
126
193
120
26
125
25
78
178
5
121
136
7
120
46
161
80
59
13
32
96
162
136
98
28
105
181
86
46
94
49
162
43
57
130
41
45
63
18
73
1
175
172
39
138
99
51
103
189
21
56
113
39
22
180
170
122
1
165
44
3
170
178
128
128
0
173
47
18
49
172
89
103
118
97
150
1
52
33
173
110
165
195
101
138
123
137
5
54
36
84
198
46
27
84
38
20
68
86
136
92
62
126
77
151
94
84
128
113
13
86
93
120
123
95
194
46
30
102
86
195
198
85
163
133
107
39
60
156
187
38
6
29
60
146
66
97
197
152
88
5
131
131
33
21
49
155
105
88
105
30
130
118
28
166
182
29
141
39
12
97
75
140
168
81
50
180
47
34
153
184
162
111
109
97
8
106
156
118
183
31
7
143
102
81
11
2
13
11
22
195
76
48
3
72
83
164
188
62
108
66
179
129
106
73
45
30
182
9
44
121
45
113
36
83
36
126
156
139
7
49
107
166
92
129
192
145
181
66
114
193
192
118
128
5
99
110
149
58
77
99
88
60
185
1
63
150
196
85
18
1
173
90
94
87
69
134
3
110
62
81
156
99
107
58
111
172
74
66
30
173
197
22
54
2
115
174
123
18
160
181
195
151
41
169
34
199
132
69
154
46
111
109
62
17
111
39
79
185
26
98
19
72
115
151
74
136
21
88
184
110
184
144
133
139
5
156
51
171
26
158
24
92
150
100
1
102
121
3
56
86
37
187
185
155
86
98
14
16
125
189
7
141
86
101
80
15
53
73
49
74
174
34
96
19
14
191
52
77
38
122
197
39
114
90
33
73
0
152
68
19
92
116
192
44
129
35
180
162
169
49
2
113
91
52
102
89
179
10
74
182
105
126
6
195
12
70
108
169
89
192
91
171
3
173
169
1
20
70
1
125
131
148
127
51
119
97
8
28
150
98
180
59
174
193
22
114
27
143
90
155
174
146
141
82
164
162
168
104
80
117
88
147
147
54
191
148
137
85
82
168
7
22
178
136
82
57
173
49
140
132
84
3
122
96
64
25
103
80
85
96
158
66
171
10
0
80
111
121
164
85
72
85
159
19
96
95
94
113
2
16
65
76
48
127
188
38
86
11
122
118
173
177
159
163
10
159
17
28
81
43
15
62
154
121
46
194
110
177
112
152
127
44
44
83
99
20
148
87
185
156
73
154
165
9
191
163
35
112
24
15
107
53
29
115
195
128
15
183
28
152
173
101
82
191
27
155
159
190
30
110
52
182
153
82
18
90
85
146
129
158
132
124
59
110
197
136
47
149
1
119
74
164
37
41
132
180
122
61
143
65
154
93
25
28
41
164
170
55
157
174
136
157
149
46
155
113
154
184
196
195
182
162
139
172
83
182
6
125
99
166
53
113
100
156
0
105
57
125
161
12
161
82
108
133
100
71
189
101
64
125
184
189
95
86
105
9
25
142
54
26
151
157
169
90
136
42
68
91
114
160
183
32
114
198
17
77
130
68
87
41
81
162
118
87
9
56
45
72
60
102
37
67
49
167
159
107
91
76
197
16
33
22
36
53
177
111
150
179
56
180
32
47
149
162
162
166
23
86
185
148
153
43
67
117
116
173
38
136
117
89
198
35
138
113
160
87
54
93
88
85
158
67
44
183
132
26
155
29
65
190
108
76
26
184
75
146
31
110
197
173
193
38
34
173
77
45
161
183
16
109
52
56
180
159
54
58
9
43
77
186
154
6
45
106
67
119
136
92
95
111
42
154
121
89
182
113
52
58
153
11
158
107
33
167
158
110
159
53
175
176
60
165
90
120
177
176
173
101
181
55
155
154
152
35
192
70
51
139
153
199
166
120
108
26
100
77
79
43
67
197
197
27
88
163
113
172
188
181
54
65
199
1
19
35
184
7
172
133
144
139
5
198
89
60
19
172
18
16
177
93
59
195
18
99
65
134
145
80
35
188
125
14
193
30
105
155
39
106
187
47
165
13
18
100
114
8
103
89
88
35
16
122
118
104
75
133
74
107
12
141
103
176
179
181
101
68
22
183
11
109
57
198
41
152
197
59
120
170
47
42
153
187
17
189
183
31
89
130
49
90
168
145
101
53
47
94
134
166
199
189
83
117
95
117
134
21
126
136
60
149
140
171
63
147
56
55
131
70
126
4
25
97
129
65
59
73
29
114
156
162
126
81
148
51
92
131
101
13
171
95
61
169
107
71
45
81
198
119
124
174
21
12
141
28
81
159
160
35
65
121
176
19
114
11
104
178
148
141
102
17
166
151
91
189
101
75
25
83
180
85
190
9
53
90
25
22
99
153
34
157
161
104
48
128
40
114
68
0
149
122
103
181
143
172
126
94
25
145
3
2
36
20
105
45
67
17
187
10
97
37
96
71
117
68
99
33
80
196
6
93
171
44
107
64
170
152
69
153
137
108
112
78
63
198
85
49
104
113
143
50
148
126
38
95
188
34
181
164
181
141
121
116
60
28
112
79
46
190
172
60
129
69
152
199
162
120
199
156
38
135
168
150
96
49
155
191
119
28
12
103
106
189
17
122
186
8
43
162
44
142
79
97
195
73
101
53
81
171
25
34
166
146
101
197
179
141
66
198
37
54
178
52
179
179
36
20
36
73
79
167
2
146
115
192
178
142
76
121
46
187
151
54
153
20
77
114
72
59
11
25
2
82
73
30
22
86
160
57
137
33
174
105
39
20
62
38
37
9
95
140
26
34
153
154
81
149
41
74
130
71
0
20
58
22
105
76
75
42
198
57
85
48
147
102
2
14
121
109
91
186
60
181
87
171
36
59
161
164
41
121
84
74
14
44
65
149
67
166
36
143
163
1
140
17
181
180
118
120
87
3
157
92
58
99
127
187
114
158
100
13
73
58
88
178
187
134
4
69
0
109
185
33
154
154
65
70
136
32
95
125
31
55
131
198
92
192
65
103
99
163
110
170
132
70
138
11
29
89
90
107
119
115
99
62
197
79
119
60
15
83
152
141
148
168
120
124
148
114
51
79
28
190
115
83
51
158
163
41
80
52
16
97
6
198
163
108
22
149
25
102
74
48
181
162
76
76
35
40
194
186
144
195
144
96
104
110
111
130
14
30
18
176
167
198
130
105
72
156
140
19
157
41
169
49
188
32
1
189
109
187
35
140
163
6
21
145
28
87
6
17
94
190
124
160
17
196
195
75
64
181
158
199
9
111
176
44
31
82
56
199
91
10
127
45
60
174
30
160
50
29
81
97
24
189
42
80
80
75
57
78
147
97
160
119
54
35
145
160
98
154
23
78
19
73
29
28
28
188
170
125
81
185
155
17
109
152
106
123
143
24
165
112
33
66
118
44
44
47
30
159
128
133
129
151
158
41
144
11
38
47
130
98
13
156
10
86
159
181
101
181
56
199
20
93
24
159
45
7
118
58
97
149
28
149
131
140
108
98
46
102
99
87
111
62
16
17
75
122
30
164
10
41
65
134
178
73
151
22
67
15
58
140
189
73
29
16
123
185
55
17
69
59
96
14
12
195
186
138
193
138
147
45
100
85
156
115
166
122
51
69
101
78
44
41
63
144
6
20
33
147
96
90
17
174
94
5
105
183
160
78
39
107
54
114
127
107
188
144
30
111
122
91
185
53
74
142
11
49
120
142
175
161
74
137
169
19
195
196
80
130
69
11
94
191
90
28
127
112
6
92
132
67
64
76
128
170
131
114
135
77
75
108
178
10
188
74
166
175
81
64
165
10
163
10
173
78
43
157
173
89
24
79
23
62
64
57
84
168
114
6
136
16
144
59
86
197
96
21
180
118
89
161
26
172
57
108
164
134
172
182
0
164
167
17
161
96
199
36
129
174
102
16
88
169
67
147
46
171
0
11
56
147
137
161
37
111
141
26
84
116
191
49
143
151
142
24
135
195
121
150
16
157
27
14
68
135
131
46
34
89
179
152
118
42
102
141
0
69
128
6
6
156
167
147
118
40
126
104
19
112
51
22
158
174
12
61
99
41
8
131
12
55
64
163
37
153
113
78
63
129
60
21
97
95
95
164
156
193
199
93
111
11
173
0
42
113
104
139
16
22
66
86
51
71
85
186
145
3
83
167
198
2
193
32
77
28
83
136
45
144
151
62
71
195
131
12
192
133
0
114
67
40
24
193
108
172
67
93
171
177
42
85
189
8
167
102
148
157
153
48
117
31
173
196
17
44
113
67
66
104
140
102
70
152
44
34
46
123
184
163
34
176
187
142
38
145
122
105
15
192
140
15
62
98
149
175
100
141
105
102
20
72
5
187
133
164
173
170
173
117
187
138
102
113
165
138
194
95
48
3
99
36
98
31
149
82
71
50
186
98
129
188
73
115
101
163
198
108
190
21
131
51
45
11
128
162
88
190
179
98
63
147
165
112
179
120
81
40
44
79
83
174
114
155
109
128
95
104
13
147
156
77
8
109
165
173
174
116
73
33
163
123
130
145
90
40
19
143
164
155
100
52
128
61
174
121
184
16
68
135
61
140
33
175
184
195
59
186
122
17
98
9
44
88
165
191
111
56
185
41
28
43
123
177
154
123
65
81
173
15
18
147
28
115
188
8
15
68
8
108
122
186
19
184
160
185
80
143
12
12
93
7
97
73
187
194
63
124
158
127
104
194
131
45
119
38
175
43
100
28
111
154
83
46
126
48
20
125
98
46
173
84
188
104
13
133
106
159
58
172
49
117
57
78
25
62
43
98
178
31
30
191
187
97
141
25
191
142
174
60
105
15
180
108
52
182
120
56
43
126
152
129
121
85
109
44
18
177
197
154
110
76
25
42
89
138
26
142
172
145
42
128
152
126
195
67
28
89
129
77
53
81
68
173
129
198
125
175
62
5
1
153
6
64
162
184
2
92
35
190
173
66
109
62
54
166
185
87
79
79
99
93
88
99
32
175
134
46
189
75
82
37
57
45
177
138
168
158
1
104
75
55
182
196
65
32
100
145
125
126
23
164
109
146
3
37
26
45
151
98
113
107
129
191
165
101
50
15
35
39
77
176
7
170
165
151
3
17
98
14
143
62
179
30
183
43
27
164
94
1
172
64
195
168
154
44
115
153
111
165
20
124
55
58
82
19
199
156
71
119
73
122
95
156
37
125
44
123
75
8
108
120
93
153
49
50
93
22
183
58
149
8
101
82
78
97
122
168
178
118
146
54
156
43
75
193
71
8
68
162
138
119
146
170
100
98
140
184
146
72
22
116
65
194
9
13
10
60
112
43
66
46
116
182
136
32
24
78
136
148
186
55
107
129
115
85
83
22
109
0
184
33
112
197
47
150
192
20
88
13
64
3
59
187
65
141
6
23
2
83
104
177
104
189
71
83
62
5
55
36
109
83
196
187
159
20
127
82
47
36
47
152
116
187
27
42
36
129
17
11
105
172
118
154
115
131
174
139
142
189
41
135
135
15
90
141
137
198
54
33
15
169
96
75
103
173
187
16
14
130
139
26
195
19
75
129
190
138
122
149
49
81
13
181
25
179
169
123
152
87
33
186
141
92
18
27
184
183
118
15
9
134
48
182
33
163
149
138
194
27
111
138
104
11
34
181
193
164
81
144
168
107
44
15
60
83
105
100
122
24
12
8
45
175
4
14
99
166
73
60
70
166
37
24
27
44
126
152
134
68
89
118
19
25
68
132
87
84
108
84
80
154
175
11
53
113
69
17
128
92
90
194
18
16
40
173
166
74
99
130
81
63
19
101
95
133
170
79
98
162
111
182
199
66
118
120
51
64
96
36
120
48
138
125
64
53
31
17
120
121
169
193
33
90
4
113
107
18
188
11
159
152
104
53
43
155
95
105
52
99
181
118
5
142
59
13
142
41
173
197
46
47
161
106
56
3
45
190
73
179
187
198
123
130
189
12
111
47
19
39
85
4
186
70
29
95
8
174
191
141
119
171
150
96
6
93
25
155
153
47
130
58
160
180
7
178
165
156
101
194
178
47
81
182
106
31
190
0
34
48
87
76
78
64
3
150
71
19
71
27
108
195
130
192
180
131
146
30
146
37
190
17
77
34
198
96
186
118
25
115
95
63
177
133
195
10
9
173
48
85
137
163
153
149
83
174
78
38
18
113
4
114
104
189
33
147
135
147
98
44
168
9
67
138
11
172
14
101
188
148
134
14
104
152
117
143
59
145
77
59
93
194
169
175
166
198
105
58
196
97
142
89
126
150
25
13
90
12
97
141
49
84
77
193
125
107
41
143
128
127
82
24
90
138
71
2
114
125
143
65
90
115
102
111
181
91
68
70
38
166
101
171
102
130
59
98
90
32
122
20
49
135
112
136
7
55
163
33
111
99
65
13
116
23
57
139
162
137
166
61
144
77
48
187
162
124
54
104
187
12
198
60
41
130
87
136
83
161
14
174
119
37
94
83
146
137
163
62
183
67
60
1
19
173
177
135
122
191
44
185
165
65
88
57
131
146
62
124
33
146
156
190
78
57
135
168
105
163
169
118
116
92
66
117
129
22
173
135
191
199
175
199
72
32
132
2
65
189
24
162
137
168
117
129
168
194
197
176
117
124
123
49
83
72
147
34
187
77
18
115
76
44
184
46
197
190
45
113
19
29
52
97
37
166
58
139
177
153
155
7
81
102
123
79
1
131
137
161
108
80
92
12
18
97
174
49
178
119
123
67
53
51
193
101
137
83
8
87
56
163
173
153
197
79
178
91
67
188
123
80
22
108
126
102
188
91
172
3
44
160
92
117
37
193
78
1
53
32
130
103
83
33
32
134
35
72
177
152
39
9
38
104
77
117
186
40
31
21
22
35
8
152
46
188
137
180
83
190
114
136
77
9
126
50
11
70
82
176
136
177
46
7
45
114
50
71
122
51
162
87
100
71
171
34
134
26
39
106
36
34
168
11
116
89
21
78
154
91
96
111
35
2
53
138
121
89
103
176
121
150
6
83
159
177
152
94
55
102
16
190
1
169
138
110
186
24
148
41
55
198
178
148
59
95
74
124
123
66
157
65
160
101
61
69
163
74
193
32
191
141
165
49
144
170
111
24
116
108
161
82
160
140
130
170
68
63
36
67
175
132
12
83
116
95
133
186
95
14
98
142
91
4
51
104
169
51
43
125
97
67
65
123
124
20
156
160
57
184
151
48
142
164
89
46
173
10
7
69
14
48
122
155
52
177
106
191
146
14
42
189
194
192
162
99
22
141
118
181
12
0
114
101
181
63
179
21
6
172
167
191
109
3
1
188
12
86
84
122
22
102
18
41
148
159
67
171
150
67
152
191
40
21
187
126
107
64
56
59
87
149
124
170
87
97
12
182
47
180
20
119
133
140
66
103
75
147
100
96
94
191
12
51
75
171
183
23
68
120
59
7
28
120
186
134
193
89
136
174
20
80
116
18
57
191
70
199
123
193
127
100
144
178
19
34
161
154
149
146
9
164
193
96
84
65
8
189
102
26
130
198
103
40
123
99
21
19
96
120
145
157
14
20
138
57
81
58
19
28
35
86
171
101
106
29
155
116
67
196
194
112
49
89
95
44
53
112
17
36
2
158
190
12
144
82
150
170
123
44
111
196
192
108
110
59
67
100
186
183
138
29
29
76
199
147
133
182
159
37
148
123
144
99
26
128
46
180
176
175
11
119
151
22
51
189
120
44
81
194
94
199
157
114
121
186
137
75
105
181
194
94
122
9
135
59
44
31
95
155
57
138
4
5
198
75
36
72
189
174
7
159
93
102
143
85
96
40
60
95
171
95
79
163
108
19
67
39
187
68
24
24
102
15
112
81
172
114
195
61
29
172
18
196
153
27
107
192
164
96
62
108
177
56
136
52
95
126
176
127
122
38
122
98
98
129
151
127
32
76
100
184
160
63
152
148
41
44
20
171
173
62
65
186
48
73
73
173
116
95
31
83
31
63
152
9
161
148
52
129
101
48
165
31
100
60
174
163
69
92
175
193
124
183
79
181
32
178
180
159
190
90
12
164
108
87
173
42
9
194
195
193
150
112
147
189
58
75
173
171
94
90
31
161
86
95
43
130
51
163
22
73
150
70
196
118
56
180
154
38
102
110
119
27
138
157
80
5
75
71
83
40
41
194
21
131
27
7
189
133
187
82
24
40
20
52
59
62
100
8
0
59
38
153
78
42
129
42
11
109
175
103
101
161
171
13
35
159
187
130
16
197
43
30
89
165
22
52
197
128
170
133
107
43
33
140
69
158
83
110
116
189
128
2
3
123
131
47
114
168
155
128
97
37
98
165
146
129
109
47
63
78
36
139
192
94
51
172
198
8
120
105
124
22
63
77
74
70
139
119
125
164
23
153
101
192
84
43
175
160
50
101
157
95
152
65
63
48
12
0
13
136
47
172
37
106
75
184
108
106
179
53
196
163
33
95
49
106
34
67
156
43
78
169
83
48
188
160
64
16
43
101
28
179
114
117
81
197
173
126
185
143
12
76
136
65
198
99
25
87
105
165
52
108
143
165
95
10
178
142
141
83
15
90
4
1
17
122
21
47
85
52
155
106
174
89
46
170
154
111
118
187
3
64
103
92
154
25
91
180
174
179
112
154
61
172
94
76
137
50
43
110
140
184
126
36
113
17
58
151
157
187
15
10
22
163
66
99
82
74
154
174
29
4
60
83
78
34
90
186
128
41
51
145
56
60
65
153
77
92
176
38
34
190
9
138
175
109
115
43
193
172
103
112
54
32
45
92
31
32
131
185
124
169
173
145
65
112
156
130
150
78
138
142
145
127
75
124
34
168
12
126
76
45
149
85
4
98
160
117
118
85
20
123
47
199
62
49
181
87
145
119
48
172
38
67
47
101
17
160
123
50
168
94
7
45
87
177
160
10
119
193
6
104
123
162
30
123
173
28
138
5
183
174
52
165
160
2
156
78
129
43
63
29
24
32
118
133
76
173
197
73
1
49
133
155
69
30
142
141
176
11
120
41
130
140
144
32
106
101
190
54
28
165
90
13
93
28
96
62
5
172
11
93
181
152
180
127
53
157
19
52
175
168
52
5
63
167
125
111
120
179
118
8
28
170
1
62
142
94
126
98
87
22
118
32
29
85
96
54
121
190
1
17
97
164
184
40
18
159
175
121
133
15
87
37
62
16
109
126
113
178
65
184
39
172
5
77
127
163
45
28
113
15
170
150
86
44
31
139
101
66
140
18
52
63
3
47
72
9
0
113
152
25
111
72
141
68
87
117
4
175
29
126
198
132
75
188
21
74
164
82
111
32
54
80
80
108
23
53
181
195
168
45
119
132
191
143
118
29
72
26
41
40
0
80
26
115
62
187
40
86
77
12
184
12
11
151
105
99
40
47
163
8
176
178
92
17
1
150
11
138
168
104
66
195
128
63
21
42
121
138
128
124
20
161
31
63
111
41
156
154
73
50
196
173
185
183
43
152
188
58
192
38
85
137
130
119
44
183
90
112
86
119
50
38
195
10
2
96
25
195
113
80
0
173
176
47
58
185
9
199
101
7
39
194
165
49
70
98
82
156
176
45
54
85
138
89
169
24
41
48
41
176
182
140
15
95
46
173
75
134
166
143
69
61
124
44
58
195
187
152
186
131
94
29
132
22
1
74
39
69
98
26
153
69
133
174
77
122
101
18
192
22
191
193
64
104
144
183
71
8
57
38
13
38
24
88
185
13
175
17
75
30
163
130
131
138
158
21
173
4
151
92
197
51
154
129
174
14
18
45
48
61
98
63
12
116
170
5
101
52
98
97
20
168
0
189
158
161
66
37
80
11
155
45
171
56
59
171
102
143
174
44
148
120
199
74
37
191
173
24
174
48
149
110
136
167
141
6
48
166
65
102
58
56
175
164
183
38
48
108
147
38
25
79
183
88
142
115
145
29
143
114
116
161
142
145
181
41
74
98
131
85
108
83
191
105
184
119
103
35
155
172
132
191
2
174
155
11
162
110
127
115
129
105
130
113
4
75
140
91
188
180
5
98
85
197
12
187
42
185
144
169
4
183
77
51
3
140
37
26
45
21
69
18
76
76
64
128
181
95
188
185
60
70
100
137
134
129
73
190
56
6
51
45
134
137
62
163
21
34
168
34
25
116
57
27
145
149
29
198
30
81
128
191
4
20
174
116
150
151
178
34
18
127
19
102
174
160
141
34
50
11
20
182
59
156
156
51
158
145
195
150
193
132
85
23
138
188
35
197
16
122
32
197
125
140
2
172
176
31
135
47
181
0
72
190
74
154
176
109
185
112
147
16
174
90
100
193
108
199
60
12
18
63
94
161
190
97
110
0
156
86
48
48
4
61
155
125
156
5
184
111
56
67
53
150
118
34
2
100
88
129
167
183
153
142
162
128
192
182
54
56
51
88
178
33
99
19
184
66
108
196
44
113
35
61
88
72
36
98
70
135
171
51
28
24
69
131
169
62
185
16
114
46
90
94
153
2
46
159
170
136
67
170
132
97
29
158
128
136
162
135
170
195
30
174
102
17
26
61
133
51
187
116
192
27
129
20
133
164
20
68
141
37
35
131
18
69
73
137
55
41
182
197
75
114
141
198
84
183
28
7
162
51
43
167
69
98
20
173
109
60
80
78
64
60
109
160
78
67
186
187
196
184
38
53
6
196
199
66
107
76
84
111
15
32
192
128
128
85
81
194
75
26
67
91
167
93
148
102
144
31
145
145
42
128
175
198
102
185
113
120
90
167
133
15
59
155
170
87
97
15
52
177
141
193
39
57
75
143
107
109
149
96
89
27
127
162
50
153
169
7
61
181
53
104
64
85
0
153
177
16
16
166
78
163
159
122
18
185
165
197
175
17
26
53
175
84
119
129
49
187
29
123
93
142
77
14
158
37
147
169
131
156
119
99
80
136
115
167
134
151
67
124
57
100
191
56
2
175
165
51
179
160
139
169
28
129
74
29
97
0
111
26
139
199
44
19
96
150
120
153
151
43
18
29
118
59
90
178
113
102
186
73
50
64
26
32
101
188
59
113
8
150
90
196
37
194
7
162
131
141
28
176
27
70
117
121
81
79
38
103
43
129
154
14
174
57
158
103
151
12
186
88
177
33
119
35
112
101
37
7
123
8
119
78
137
110
7
180
154
191
11
132
87
195
19
104
110
66
38
4
13
76
59
132
42
55
6
34
102
6
83
183
40
192
73
112
122
40
166
150
172
93
152
123
5
73
1
123
16
57
140
139
102
3
145
112
1
124
136
36
102
199
46
46
131
122
100
0
56
111
71
84
89
2
196
195
169
2
173
191
193
44
198
103
53
196
97
184
125
61
160
26
114
34
160
79
196
174
2
98
92
115
3
90
196
156
199
77
194
45
153
44
191
99
188
30
91
168
195
6
22
81
140
109
13
177
147
189
196
124
100
124
140
153
178
115
126
107
56
72
35
73
169
108
52
99
89
94
118
158
138
19
42
142
3
38
65
3
51
96
178
134
147
174
178
116
110
0
162
47
87
116
48
125
158
101
66
80
83
179
66
160
175
149
186
41
106
55
39
160
157
35
70
133
12
34
99
154
14
188
56
120
168
24
98
68
91
113
9
129
29
78
171
40
120
1
194
89
54
27
186
10
20
117
93
3
175
89
159
20
126
148
110
80
3
150
132
88
175
195
172
195
5
165
155
57
110
172
141
184
54
118
164
96
141
44
154
144
34
23
101
135
10
109
125
133
66
146
74
0
136
35
88
194
154
65
23
119
145
156
117
159
19
186
173
186
89
187
130
126
145
25
88
70
181
173
158
63
68
63
64
117
7
130
34
179
180
133
118
15
44
107
164
32
65
190
22
118
190
17
184
120
71
26
24
138
2
106
109
0
130
31
196
36
67
75
106
89
183
87
183
108
40
133
66
192
146
142
110
0
6
15
8
198
140
110
129
72
47
169
18
155
152
99
94
120
177
149
36
19
11
57
143
30
22
42
79
55
130
91
9
100
75
184
105
48
143
119
156
25
195
163
78
79
185
188
115
135
156
79
199
120
193
188
197
1
116
198
132
76
4
103
78
67
92
78
7
175
198
19
23
34
82
156
68
42
89
129
58
1
123
32
172
165
99
2
108
10
120
135
9
37
12
123
143
103
172
56
56
176
165
38
180
1
11
192
183
82
79
86
198
36
154
110
35
172
28
12
129
155
65
95
35
148
111
156
144
190
77
157
38
51
14
177
109
79
11
103
22
190
151
163
73
23
116
83
127
129
58
90
32
110
12
83
16
52
171
0
90
17
104
135
40
143
121
111
7
41
122
168
48
116
71
134
30
176
76
124
140
194
127
6
171
123
29
142
88
120
40
87
69
142
56
64
181
83
194
55
168
69
35
104
173
143
68
163
29
119
80
74
195
31
99
149
69
104
182
69
10
102
89
32
42
57
161
10
149
119
70
50
140
45
58
66
180
197
65
111
179
162
82
137
109
123
1
131
191
87
149
49
21
98
21
88
98
3
34
150
61
4
168
47
83
42
28
177
194
13
2
72
166
102
49
116
161
151
14
18
165
178
147
55
121
40
126
62
119
72
186
69
141
125
41
14
196
69
130
1
63
178
171
6
152
72
0
72
117
168
107
188
175
24
148
109
172
55
189
25
23
102
195
13
9
121
91
72
120
73
161
157
130
192
161
125
170
45
48
55
193
53
77
74
117
134
153
171
74
114
74
185
13
89
184
74
174
142
140
83
121
18
100
135
2
145
104
57
8
178
55
9
47
34
23
128
169
161
103
44
18
16
10
138
110
147
13
143
55
152
177
120
90
155
196
49
175
78
2
39
127
6
5
72
125
109
179
158
33
23
38
149
146
5
95
68
142
101
134
17
52
98
123
16
123
111
127
95
36
112
10
184
168
68
110
56
91
136
133
177
184
171
50
196
82
9
142
32
103
160
48
177
196
193
43
96
118
173
94
118
140
51
13
155
134
92
198
69
57
92
173
90
30
146
132
138
122
124
195
50
25
7
124
115
163
177
180
143
93
55
149
144
58
168
17
102
161
127
76
129
166
191
33
166
49
101
95
18
4
33
137
196
193
10
97
17
43
127
32
145
152
34
177
68
34
95
197
86
63
197
176
53
172
141
170
102
57
195
134
93
26
121
153
13
166
169
135
110
179
142
156
123
59
56
86
52
190
89
17
176
170
171
149
123
197
72
39
106
130
43
92
76
179
194
129
91
119
84
19
132
112
78
66
150
109
34
157
146
98
143
139
103
197
130
53
197
93
197
199
8
74
13
146
43
66
23
35
139
37
169
190
28
183
119
177
135
101
173
44
83
178
42
54
193
120
174
163
15
10
102
104
104
30
7
85
197
125
5
82
68
41
131
189
198
114
128
91
10
163
191
81
4
169
36
192
44
43
125
190
168
150
189
100
113
46
85
198
168
164
176
115
66
66
159
46
129
40
198
60
47
75
5
165
159
3
63
138
22
63
121
113
196
62
186
95
26
189
143
174
117
30
171
27
90
69
29
3
25
46
144
147
40
74
6
48
57
142
72
80
101
20
153
11
19
35
35
107
194
163
181
139
45
85
111
33
124
169
142
168
31
83
116
140
54
142
175
142
93
132
151
14
119
36
34
10
105
166
50
158
21
139
76
174
51
11
5
12
74
85
84
93
116
41
49
182
176
43
162
120
184
71
3
175
97
87
54
81
27
192
65
40
52
17
102
199
81
155
113
187
166
61
138
34
145
187
16
131
38
164
90
116
141
118
56
160
30
162
186
118
104
7
170
73
81
99
8
34
134
110
119
176
153
50
139
61
64
90
53
177
103
24
15
32
62
123
183
35
194
154
156
33
2
199
22
103
179
110
35
70
197
17
142
153
101
44
98
20
96
163
18
152
11
57
139
192
151
155
145
54
66
58
197
61
124
12
12
144
36
157
142
141
76
197
91
167
34
3
5
88
51
129
69
181
34
155
51
162
5
57
134
103
176
58
4
46
174
104
125
185
59
179
130
60
34
177
110
193
40
69
160
94
119
141
130
181
199
169
115
154
167
156
79
187
153
126
20
85
196
120
5
141
169
105
164
170
66
129
150
36
178
51
196
162
115
176
192
110
91
134
129
88
84
197
17
86
62
179
135
83
197
105
153
27
61
76
126
52
93
174
95
14
167
191
107
65
135
116
27
154
190
117
69
190
197
102
112
50
116
120
0
79
73
141
106
19
106
40
140
126
1
163
130
168
143
34
34
183
198
14
184
126
89
55
79
35
59
115
152
69
148
139
115
189
164
1
27
35
2
28
107
161
8
48
160
89
105
150
191
150
28
3
143
197
113
197
11
93
152
89
10
165
55
116
147
76
12
91
166
11
7
70
153
94
8
107
150
115
18
54
109
187
151
189
192
146
98
47
121
3
123
177
195
41
73
128
127
9
75
63
27
83
105
30
143
186
76
27
20
135
152
25
78
194
126
146
122
116
92
48
191
136
196
69
105
44
27
4
14
62
44
91
72
140
85
6
92
105
180
149
34
142
193
170
109
66
5
102
180
171
13
118
73
90
97
52
31
5
187
28
41
184
58
166
177
149
149
74
193
170
184
31
41
7
166
163
124
168
97
39
16
185
117
186
171
179
171
5
30
126
5
90
73
94
154
80
199
7
181
155
179
142
27
192
72
87
137
187
27
32
47
70
152
124
57
67
176
67
62
114
79
155
109
186
141
44
128
11
94
50
121
109
162
72
193
51
105
129
81
14
198
107
96
111
150
186
92
6
112
44
37
60
106
28
123
11
89
51
21
34
67
87
43
38
180
96
100
60
25
108
44
80
135
191
193
35
147
93
173
121
123
40
101
194
61
97
30
178
143
66
6
8
162
90
55
198
86
155
115
94
195
65
27
86
3
195
195
24
87
175
197
154
128
180
104
189
113
30
67
70
173
42
138
166
13
109
133
9
183
108
3
148
104
188
112
111
51
192
132
129
175
119
6
197
73
48
53
177
91
122
14
44
1
156
39
189
145
78
40
197
131
119
85
157
71
151
89
22
49
37
166
29
132
130
85
179
37
17
7
123
22
134
186
72
104
190
133
34
36
84
198
125
8
78
150
61
123
25
174
159
162
81
32
151
33
187
78
195
67
18
101
19
188
188
137
12
113
180
48
156
131
149
159
151
193
118
63
198
110
84
94
51
58
162
154
18
105
46
137
161
61
25
170
46
32
51
114
57
59
165
29
143
64
103
21
188
105
162
107
89
63
159
131
152
130
28
90
190
109
10
81
170
149
65
146
71
137
167
48
117
99
8
83
57
39
7
136
75
139
18
104
57
148
62
104
17
53
96
101
170
9
111
51
114
63
85
91
102
34
52
142
173
68
157
107
141
21
17
146
109
196
99
145
162
46
60
75
77
98
9
93
168
197
194
68
162
13
132
34
93
185
110
156
155
8
76
78
121
189
141
25
57
1
3
81
28
70
116
140
38
20
93
75
63
25
83
110
37
134
175
8
24
93
36
72
153
83
73
31
20
162
107
58
93
139
127
151
74
149
177
180
10
133
127
29
13
140
85
152
159
102
36
19
123
161
49
134
32
113
191
10
71
124
163
193
169
148
88
155
139
195
70
108
97
146
63
58
73
160
166
165
73
58
146
91
14
17
48
65
143
159
117
120
168
6
0
17
159
5
69
4
164
168
53
5
15
182
110
126
27
83
106
151
29
195
78
113
103
106
94
14
142
189
59
74
27
75
118
142
102
169
5
97
130
9
95
171
145
197
112
149
96
190
13
137
162
55
95
83
140
129
27
196
89
141
162
23
118
134
39
107
73
148
87
29
174
83
34
55
180
38
27
82
4
101
91
18
99
194
131
114
177
183
172
79
62
29
39
141
162
95
11
168
153
98
196
64
74
86
51
48
28
16
153
59
134
148
7
62
65
47
61
54
54
23
113
3
85
27
147
176
15
23
68
44
17
16
121
141
162
149
192
90
81
7
189
6
10
102
153
171
130
109
8
43
15
17
58
123
52
83
165
59
183
62
86
51
198
93
20
83
120
103
37
153
13
142
187
87
62
77
127
57
21
20
36
182
143
43
29
17
103
128
23
187
165
36
60
109
64
167
10
118
81
137
178
105
81
43
27
22
23
43
56
96
75
140
68
117
64
143
127
24
69
79
41
129
29
198
73
69
130
67
150
21
58
30
13
101
46
172
180
199
87
121
127
65
141
115
179
26
161
43
136
123
103
153
83
181
34
15
48
1
196
25
163
53
73
114
16
67
150
86
138
97
